102 69 25 52 130
176 150 84 105 213
160 121 67 84 182
251 208 127 109 236
154 139 91 84 153
====================
52 152 110 120 88
111 135 125 145 92
23 36 26 47 29
83 181 149 175 133
85 154 166 208 185
====================
122 203 146 100 181
110 185 104 111 163
104 117 85 51 126
61 102 56 55 100
90 181 102 98 159
====================
102 56 42 83 84
171 146 127 129 143
91 66 47 121 103
91 110 55 103 99
101 195 97 146 143
====================
144 71 128 132 141
205 162 195 170 189
153 126 181 129 163
131 62 56 94 105
72 90 169 146 52
====================
73 30 92 65 102
252 186 251 125 304
106 42 150 105 158
154 140 212 122 228
211 164 220 100 258
====================
167 45 108 65 119
79 15 79 48 32
164 44 162 81 29
180 72 120 89 105
74 32 53 51 69
====================
74 48 91 45 107
92 57 81 46 112
138 135 176 127 185
74 115 130 106 95
104 93 155 102 134
====================
120 96 145 158 186
123 93 95 134 175
105 48 98 121 173
101 17 57 46 132
157 61 132 81 171
====================
228 246 185 283 156
100 149 107 163 94
118 98 38 146 56
162 171 70 229 80
90 99 107 85 60
====================
151 215 234 244 138
117 134 153 131 52
96 136 166 178 94
75 134 117 120 103
79 67 80 87 53
====================
